7118643
7151469
7128271
7128118
7136733
7151356
7125421
7160612
7146677
7151530
7151285
7152894
7136699
7138423
7128746
7146700
7151402
7141164
7130980
7153528
7137406
7129553
7143583
7130820
7141484
7144600
7151354
7137531
7118608
7159869
7152904
7128843
7158943
7125051
7128423
7156212
7118639
7137795
7138186
7142007
7144263
7161433
7138175
7146647
7141930
7151529
7152868
7159852
7130703
7151253
7118600
7156797
7151430
7152908
7147362
7125419
7136873
7102550
7146651
7158830
7118531
7132434
7134577
7154570
7141553
7128256
7152874
7151373
7152872
7151460
7151491
7141623
7149375
7105343
7158946
7132516
7132522
7142006
7151355
7151288
7128600
7102574
7136855
7146043
7127630
7131521
7144605
7146699
7141939
7158822
7138353
7118660
7131107
7148425
7128509
7138184
7151347
7136027
7162777
7151493
7102662
7151487
7141642
7128473
7151436
7141547
7151535
7146687
7157945
7141639
7146673
7141464
7146649
7129338
7151283
7156155
7132021
7141456
7147341
7151293
7129532
7131627
7103918
7129775
7138179
7102587
7152897
7137851
7124129
7155244
7141460
7151389
7151271
7144609
7144336
7128617
7128884
7151416
7148440
7152867
7129170
7102606
7105280
7129776
7131987
7128742
7151263
7142700
7151477
7140590
7136879
7138145
7155949
7118622
7156090
7151256
7144598
7156246
7158248
7163933
7118595
7136890
7144848
7151241
7144663
7146681
7151409
7102586
7129619
7103835
7158785
7102592
7131471
7136881
7146686
7146654
7123290
7102516
7151282
7103984
7105962
7144823
7104686
7104685
7158591
7152572
7146059
7158772
7128279
7147856
7131298
7139198
7131986
7141550
7117791
7151434
7151358
7129544
7141439
7144614
7130119
7144611
7155807
7150529
7141473
7132016
7151415
7158941
7156806
7129277
7159863
7137402
7118533
7105332
7144597
7129819
7136875
7151394
7138383
7131356
7146713
7139268
7151488
7118674
7153522
7146678
7138381
7159872
7139245
7154984
7144545
7122404
7144599
7138191
7113610
7136886
7151236
7110269
7142701
7151310
7159284
7112957
7143707
7132506
7129441
7129663
7160817
7154064
7156793
7128254
7130650
7145275
7163165
7114947
7151370
7142692
7141480
7118699
7156241
7144807
7128376
7130907
7117614
7158792
7156243
7154216
7161511
7146593
7151425
7146718
7161307
7144607
7141445
7136439
7141479
7104689
7129384
7152865
7132551
7136726
7144862
7150491
7151442
7144273
7132499
7137902
7114930
7114708
7114707
7114933
7114923
7114928
7114715
7149350
7152873
7131653
7151537
7144859
7146704
7151312
7129961
7137855
7130023
7128407
7144984
7139267
7144851
7141637
7162735
7161588
7102612
7151328
7151443
7151311
7130075
7131061
7158889
7141458
7103905
7151422
7144262
7151320
7151455
7105388
7164324
7164322
7164323
7164398
7164327
7164326
7164320
7164321
7164325
7164397
7164328
7151471
7153751
7147210
7138902
7157960
7128134
7141631
7146652
7132475
7141452
7151374
7159861
7159873
7117787
7151431
7151291
7146675
7130124
7139239
7146694
7141474
7118679
7138181
7151371
7146070
7151247
7144617
7144854
7129293
7118470
7151360
7134973
7137400
7151353
7139250
7136995
7144808
7151337
7144615
7129487
7151413
7130800
7152871
7161481
7138183
7155395
7151250
7153515
7118697
7105910
7141449
7126697
7132500
7128154
7104236
7151489
7153920
7111600
7163690
7136866
7151270
7151539
7129866
7128660
7138173
7136478
7129111
7151261
7131829
7162413
7136675
7134548
7156132
7138174
7107008
7155152
7131513
7144592
7146719
7159849
7140250
7129745
7131249
7156579
7159857
7152919
7139249
7141624
7140724
7151481
7111504
7151543
7146714
7140594
7139252
7098456
7144857
7141462
7118591
7158845
7158775
7145274
7131731
7118633
7129451
7158752
7143156
7128728
7135769
7128585
7141466
7141483
7130545
7141546
7157832
7146014
7128661
7138187
7131212
7136542
7140931
7104687
7124283
7110296
7138180
7138160
7144856
7130449
7141476
7147136
7136544
7141545
7142000
7153364
7155948
7151466
7151381
7138361
7151318
7158816
7104068
7141549
7141488
7137858
7128395
7151313
7144268
7141629
7148429
7148000
7141929
7144509
7155151
7151322
7139243
7153523
7069463
7147223
7136884
7154065
7114714
7128973
7118624
7153777
7154518
7152925
7136889
7159847
7139011
7104082
7151243
7151464
7159850
7129032
7151249
7118609
7149362
7141641
7129017
7139241
7117643
7144256
7137810
7146662
7160052
7144267
7118645
7144842
7158754
7151393
7132492
7146680
7151240
7113380
7144332
7118602
7140244
7144665
7144606
7151459
7140595
7128642
7131747
7158832
7146655
7153919
7104131
7154066
7146703
7141552
7118654
7130578
7144260
7142689
7139251
7153520
7151321
7138190
7146013
7129781
7163172
7152864
7128648
7151533
7141467
7118619
7141645
7151395
7118642
7119227
7147214
7142686
7137403
7102580
7118541
7147532
7137853
7128942
7144257
7158836
7137856
7151296
7152742
7102575
7130750
7143201
7146666
7125053
7156900
7156898
7149076
7141453
7151379
7118312
7118610
7134482
7156160
7139240
7146708
7143149
7153530
7151272
7151383
7151364
7102584
7131549
7146645
7156237
7144850
7141455
7151239
7139246
7130538
7102540
7102520
7127009
7155392
7150607
7118621
7141454
7141461
7151432
7129342
7151420
7128886
7151255
7151300
7146712
7151495
7151266
7127386
7151280
7151451
7151396
7128351
7151252
7146692
7138385
7141898
7159868
7152876
7158802
7128692
7155759
7102610
7146674
7141628
7129371
7162686
7136853
7138359
7117882
7144603
7151476
7134214
7159864
7159877
7136867
7160911
7111621
7142799
7149351
7152888
7132448
7146684
7151380
7137568
7151403
7136883
7142882
7159875
7141517
7155950
7151276
7142676
7151298
7141646
7141644
7144619
7128678
7156227
7135926
7139237
7105881
7128200
7146658
7151452
7137852
7128454
7138380
7104048
7141178
7141465
7151404
7156244
7153514
7129346
7114953
7153527
7144604
7163347
7141599
7102656
7110265
7156945
7110288
7151362
7130320
7104051
7129028
7104190
7152924
7156946
7161495
7128755
7129059
7146664
7151324
7138158
7118653
7156947
7156222
7135849
7102611
7142699
7118640
7151440
7118704
7130087
7142391
7141472
7155160
7151378
7131203
7151392
7151522
7128194
7141622
7131140
7146690
7141635
7147194
7131477
7151405
7141704
7102578
7138378
7141941
7129132
7159870
7144601
7151479
7129235
7152869
7136869
7138957
7135119
7069465
7128943
7146679
7146668
7151463
7158940
7156242
7138382
7140598
7118592
7129473
7151317
7146665
7125052
7134578
7128936
7139509
7152526
7146071
7151397
7159866
7151475
7146721
7146660
7142702
7137381
7137107
7152884
7136682
7151286
7139255
7136874
7127807
7129715
7118658
7152880
7152886
7125416
7158769
7141477
7140597
7104073
7130841
7154566
7147803
7130662
7138154
7142673
7102609
