6988269
6988271
6988272
6995816
7001239
7001240
7003341
7004396
7008072
7008073
7011107
7014668
7014669
7014672
7017878
7017960
7017962
7023952
7025910
7026896
7029158
7029402
7029448
7029449
7029450
7029452
7029610
7029759
7030882
7031769
7031771
7033263
7033275
7033348
7033698
7033706
7033720
7035340
7036338
7036342
7036343
7036629
7036635
7036645
7036705
7039714
7039716
7039910
7039956
7040011
7042184
7042807
7042844
7042871
7042881
7043250
7045877
7045878
7045880
7045882
7046369
7046497
7047000
7047003
7047033
7047369
7047374
7047852
7048180
7048229
7048972
7049028
7049657
7050114
7050133
7050214
7050215
7050235
7052000
7052559
7054296
7054408
7054527
7054855
7054935
7054940
7054964
7055035
7055037
7055038
7055040
7055041
7056477
7056754
7057172
7057189
7058650
7060038
7060195
7061470
7061485
7061893
7062204
7062433
7062829
7063124
7063273
7063555
7063757
7065369
7066521
7067171
7067204
7067954
7068161
7068162
7068163
7068164
7068166
7068636
7068761
7068984
7069035
7070509
7071545
7072294
7073250
7073251
7073313
7073318
7073332
7073579
7073674
7073711
7073717
7073724
7073840
7073841
7073898
7074197
7074281
7074297
7074332
7074424
7074432
7074453
7074479
7074654
7074660
7074995
7075061
7075079
7075270
7075271
7075272
7075276
7075675
7075884
7075990
7076992
7077011
7077191
7077218
7077245
7077337
7077751
7078228
7078824
7078825
7078827
7078829
7079301
7079436
7079521
7079563
7079823
7079839
7079862
7079863
7079879
7079907
7079932
7079935
7080004
7080005
7080018
7080035
7080064
7080079
7080116
7080117
7080134
7080165
7080931
7081066
7081067
7081171
7081172
7081173
7081175
7081176
7081177
7081524
7081539
7081588
7081812
7081861
7081895
7082074
7082143
7082661
7082662
7082663
7082763
7083240
7084229
7084373
7084718
7084952
7085188
7085861
7085862
7085938
7086085
7086086
7086087
7086377
7086482
7087529
7087553
7087612
7088073
7088294
7088298
7088566
7088641
7088771
7089049
7089605
7089620
7090434
7090449
7090453
7090637
7090728
7090746
7090843
7091374
7091420
7091470
7092802
7092803
7092824
7092921
7092922
7093412
7093856
7093988
7094046
7094090
7094171
7094172
7094376
7094385
7094472
7094554
7094785
7094941
7094943
7094976
7094991
7095077
7095099
7095264
7095295
7095346
7095418
7095465
7095779
7095842
7095972
7096019
7096028
7096066
7096178
7096723
7096724
7096774
7096775
7096776
7096777
7097208
7097671
7097833
7097836
7097841
7097845
7098026
7098027
7098028
7098029
7098030
7098031
7098032
7098033
7098034
7098035
7098036
7098037
7098069
7098479
7098480
7098482
7098483
7098484
7098485
7098733
7099444
7099527
7099530
7099638
7099673
7099676
7099677
7099829
7100415
7100419
7100442
7100457
7100464
7100484
7100493
7100496
7100515
7100724
7100949
7101061
7101177
7101232
7101506
7101507
7101597
7101866
7101875
7101882
7102515
7102517
7102521
7102523
7102524
7102527
7102528
7102529
7102530
7102533
7102534
7102535
7102538
7102539
7102543
7102544
7102545
7102546
7102547
7102548
7102549
7102551
7102553
7102555
7102556
7102560
7102561
7102572
7102573
7102576
7102579
7102581
7102582
7102583
7102589
7102591
7102595
7102597
7102598
7102599
7102601
7102602
7102608
7102614
7102615
7102616
7102618
7102622
7102624
7102626
7102627
7102628
7102631
7102632
7102633
7102634
7102636
7102637
7102640
7102641
7102643
7102645
7102646
7102648
7102649
7102650
7102655
7102657
7102659
7102663
7102664
7102665
7102667
7102670
7103671
7103678
7103696
7103712
7103724
7103730
7103735
7103766
7103897
7103920
7103922
7103943
7103952
7103991
7103995
7104000
7104043
7104053
7104094
7104153
7104160
7104202
7104229
7104244
7104264
7104291
7104294
7104316
7104368
7104635
7104707
7104710
7105032
7105959
7106051
7106052
7106065
7106073
7106203
7106301
7107240
7107249
7107315
7107453
7107503
7107516
7107523
7107534
7107544
7107546
7107552
7107560
7107561
7107562
7107563
7107565
7107962
7108122
7108124
7108125
7108126
7108130
7108139
7108143
7108144
7108145
7108147
7108162
7108172
7108175
7108176
7108195
7108196
7108203
7108485
7108487
7108508
7108526
7108650
7108716
7108749
7108922
7109697
7110262
7110291
7110436
7110591
7110798
7110919
7110920
7110984
7111068
7111105
7111282
7112083
7112608
7112750
7113032
7113321
7113541
7113797
7113798
7114094
7114098
7115350
7117596
7117879
7117947
7118420
7118423
7118448
7118515
7118521
7118524
7118526
7118529
7118530
7118532
7118534
7118535
7118536
7118537
7118539
7118543
7118544
7118593
7118594
7118597
7118598
7118599
7118603
7118604
7118606
7118607
7118614
7118616
7118617
7118626
7118628
7118630
7118634
7118635
7118636
7118637
7118638
7118650
7118651
7118655
7118659
7118661
7118662
7118663
7118670
7118671
7118675
7118680
7118681
7118689
7118698
7119083
7123821
7123858
